,Location,Post_number,Price,Price_per_sqft,Living_area,Rooms
0, Folnegovićevo naselje,10000,110000,2115,52,2.0
1, Folnegovićevo naselje,10000,80000,1667,48,2.0
2, Folnegovićevo naselje,10000,115000,1797,64,2.0
3, Folnegovićevo naselje,10000,145000,2231,65,3.0
4, Folnegovićevo naselje,10000,100000,1856,53,3.0
5, Folnegovićevo naselje,10000,110000,2075,53,2.0
6, Folnegovićevo naselje,10000,95000,1951,48,2.0
7,Borongaj,10108,76501,1500,51,2.0
8,Borongaj,10108,91001,1717,53,2.0
9,Borongaj,10108,89000,1745,51,2.0
10,Borongaj,10108,55000,1608,34,1.0
11,Borongaj,10108,72000,1385,52,2.0
12,Borongaj,10108,72000,1385,52,2.0
13,Borongaj,10108,81000,1576,51,2.0
14,Borongaj,10108,73900,1449,51,2.0
15,Borongaj,10108,72000,1385,52,2.0
16,Borongaj,10108,72000,1412,51,2.0
17,Borongaj,10108,72000,1385,52,2.0
18,Borongaj,10108,72000,1412,51,2.0
19,Bukovac,10000,235000,2423,97,4.0
20,Bukovac,10000,179000,2057,87,3.0
24,Bukovac,10000,330000,2298,143,6.0
25,Bukovac,10000,175000,2160,81,3.0
27,Bukovac,10000,398000,2412,165,4.0
28,Bukovac,10000,485000,2413,201,4.0
29,Bukovac,10000,330000,2113,156,3.0
30,Bukovac,10000,319000,2045,156,3.0
32,Bukovac,10000,180000,2000,90,3.0
33,Bukovac,10000,105000,1909,55,2.0
35,Bukovac,10000,273900,2209,124,4.0
36,Bukovac,10000,89700,2136,42,2.0
39,Bukovac,10000,179000,1978,90,3.0
40,Bukovac,10000,330000,2157,153,5.0
41,Bukovac,10000,330000,1941,170,6.0
42,Bukovac,10000,230000,2170,106,4.0
43,Bukovac,10000,324000,2160,150,4.0
44,Bukovac,10000,199900,2197,91,3.0
45,Bukovac,10000,230000,2277,101,4.0
46,Bukovac,10000,388800,2400,162,5.0
47,Bukovac,10000,174900,1901,92,3.0
49,Centar,10000,152490,3112,49,1.0
53,Centar,10000,498001,3213,155,4.0
54,Centar,10000,320500,2739,117,4.0
55,Centar,10000,448701,2804,160,4.0
56,Centar,10000,198000,3046,65,2.0
60,Centar,10000,299000,2670,112,4.0
65,Centar,10000,189000,2779,68,3.0
66,Centar,10000,455800,2796,163,4.0
67,Centar,10000,327000,2748,119,4.0
68,Centar,10000,498000,3055,163,4.0
69,Centar,10000,142991,2979,48,2.0
70,Centar,10000,480001,2909,165,5.0
72,Centar,10000,120000,2857,42,2.0
73,Centar,10000,267500,2876,93,4.0
74,Centar,10000,475000,2762,172,5.0
78,Centar,10000,176001,2885,61,3.0
79,Centar,10000,160001,2909,55,3.0
81,Centar,10000,460701,2775,166,4.0
82,Centar,10000,341500,2754,124,4.0
83,Centar,10000,498000,3132,159,4.0
86,Centar,10000,474999,2896,164,5.0
87,Centar,10000,375000,3178,118,4.0
88,Centar,10000,385301,2752,140,4.0
89,Centar,10000,185000,2761,67,2.0
91,Centar,10000,130000,3250,40,2.0
93,Centar,10000,108700,3294,33,1.0
94,Centar,10000,187200,3600,52,3.0
95,Centar,10000,527000,3064,172,5.0
97,Centar,10000,79000,2469,32,1.0
99,Centar,10000,449980,3000,150,4.0
100,Centar,10000,209999,3088,68,2.0
101,Centar,10000,257999,3146,82,4.0
104,Centar,10000,210000,2727,77,2.0
106,Centar,10000,498001,3213,155,4.0
111,Centar,10000,140001,3500,40,2.0
113,Centar,10000,519990,3059,170,5.0
117,Centar,10000,347300,2756,126,4.0
118,Centar,10000,404000,2748,147,4.0
128,Centar,10000,310000,3563,87,2.0
130,Centar,10000,139000,2896,48,2.0
132,Centar,10000,65000,2321,28,1.0
134,Centar,10000,187000,3117,60,2.0
136,Centar,10000,450001,3020,149,4.0
137,Centar,10000,339001,3356,101,4.0
138,Centar,10000,775000,3100,250,5.0
139,Centar,10000,200201,2600,77,4.0
140,Centar,10000,510001,3806,134,4.0
144,Centar,10000,350000,3070,114,3.0
145,Centar,10000,270000,3000,90,3.0
146,Centar,10000,388000,4000,97,4.0
149,Centar,10000,205000,3534,58,2.0
152,Centar,10000,109000,2868,38,1.0
153,Centar,10000,64000,1882,34,1.0
162,Centar,10000,339000,3356,101,5.0
163,Centar,10000,107000,2675,40,1.0
164,Centar,10000,85000,3148,27,1.0
165,Centar,10000,216000,4000,54,2.0
166,Centar,10000,220000,3333,66,2.0
168,Centar,10000,210000,3684,57,3.0
169,Centar,10000,230000,3538,65,3.0
170,Centar,10000,129300,3007,43,2.0
171,Centar,10000,290000,3494,83,3.0
174,Centar,10000,235000,3264,72,3.0
175,Centar,10000,450000,3600,125,3.0
177,Centar,10000,170000,2833,60,2.0
178,Centar,10000,258000,2580,100,4.0
182,Centar,10000,275000,2847,96,3.0
183,Centar,10000,330000,3587,92,4.0
185,Centar,10000,330000,3837,86,4.0
186,Centar,10000,90000,2727,33,1.0
188,Centar,10000,233000,3107,75,3.0
189,Centar,10000,85000,2500,34,1.0
192,Centar,10000,140000,3256,43,2.0
193,Centar,10000,435000,3085,141,4.0
196,Centar,10000,162000,3000,54,3.0
198,Centar,10000,60000,2386,25,1.0
199,Centar,10000,210000,3500,60,2.0
200,Centar,10000,67000,1971,34,1.0
201,Centar,10000,145000,3021,48,1.0
203,Centar,10000,220000,3298,66,2.0
206,Centar,10000,310000,3069,101,3.0
207,Centar,10000,410000,3489,117,4.0
208,Centar,10000,468000,3589,130,4.0
209,Centar,10000,219000,4056,54,2.0
210,Centar,10000,540000,2857,189,4.0
213,Centar,10000,589000,2805,210,4.0
214,Centar,10000,310000,3444,90,5.0
215,Centar,10000,213000,3435,62,4.0
216,Centar,10000,600000,3593,167,5.0
217,Centar,10000,220000,2750,80,3.0
219,Centar,10000,78000,2889,27,1.0
220,Centar,10000,448410,3000,149,5.0
221,Centar,10000,158000,2724,58,2.0
228,Donji Grad,10000,155000,2818,55,3.0
229,Donji Grad,10000,290000,2991,96,4.0
231,Donji Grad,10000,300000,2679,112,4.0
234,Donji Grad,10000,129300,3000,43,2.0
238,Donji Grad,10000,80000,2452,32,1.0
241,Donji Grad,10000,189000,3436,55,2.0
245,Donji Grad,10000,175000,3241,54,3.0
249,Donji Grad,10000,375000,3178,118,4.0
254,Donji Grad,10000,1123850,2470,455,8.0
255,Donji Grad,10000,515860,2970,173,4.0
256,Donji Grad,10000,685000,3100,221,6.0
258,Donji Grad,10000,95000,2855,33,2.0
264,Donji Grad,10000,258000,3000,86,2.0
265,Donji Grad,10000,270000,2592,104,3.0
266,Donji Grad,10000,200000,3235,61,2.0
267,Donji Grad,10000,195000,2685,72,3.0
268,Donji Grad,10000,300000,3093,96,4.0
269,Donji Grad,10000,152490,3516,43,2.0
270,Donji Grad,10000,287100,2900,99,3.0
271,Donji Grad,10000,105000,2884,36,2.0
272,Donji Grad,10000,235000,2984,78,2.0
274,Donji Grad,10000,771032,3100,248,8.0
276,Donji Grad,10000,145000,2736,53,2.0
279,Donji Grad,10000,259000,2769,93,3.0
283,Donji Grad,10000,345600,2737,126,4.0
284,Donji Grad,10000,290000,3152,92,2.0
285,Donji Grad,10000,111000,2883,38,1.0
287,Donji Grad,10000,55000,2500,22,1.0
289,Donji Grad,10000,92000,3528,26,1.0
290,Donji Grad,10000,325000,3218,101,3.0
296,Donji Grad,10000,350000,2574,136,4.0
297,Donji Grad,10000,480000,3200,150,3.0
298,Donji Grad,10000,155000,2818,55,2.0
299,Donji Grad,10000,150000,2500,60,1.0
300,Donji Grad,10000,219000,2704,81,3.0
302,Donji Grad,10000,75000,2500,30,1.0
303,Donji Grad,10000,143000,2979,48,2.0
304,Donji Grad,10000,150000,2830,53,2.0
305,Donji Grad,10000,498700,3393,147,4.0
306,Donji Grad,10000,264000,2779,95,4.0
312,Donji Grad,10000,140000,3043,46,2.0
313,Donji Grad,10000,330000,3022,109,4.0
315,Donji Grad,10000,261000,3000,87,3.0
317,Donji Grad,10000,159000,2650,60,1.0
321,Donji Grad,10000,159000,3313,48,2.0
322,Donji Grad,10000,205000,2929,70,2.0
323,Donji Grad,10000,460000,2987,154,4.0
325,Donji Grad,10000,265000,2985,88,2.0
326,Donji Grad,10000,325000,3571,91,3.0
329,Donji Grad,10000,195000,2746,71,3.0
332,Donji Grad,10000,215000,2688,80,3.0
335,Donji Grad,10000,149000,2811,53,3.0
336,Donji Grad,10000,650000,3591,181,4.0
337,Donji Grad,10000,190000,2847,66,3.0
341,Donji Grad,10000,99000,3300,30,1.0
344,Donji Grad,10000,260000,2796,93,3.0
348,Donji Grad,10000,62000,2000,31,1.0
349,Donji Grad,10000,350000,2966,118,3.0
350,Donji Grad,10000,220000,2619,84,3.0
353,Donji Grad,10000,96000,2824,34,2.0
354,Donji Grad,10000,189000,3436,55,2.0
355,Donji Grad,10000,90000,2616,34,1.0
356,Donji Grad,10000,280000,3043,92,3.0
357,Donji Grad,10000,52000,3059,17,1.0
358,Donji Grad,10000,152490,2990,51,1.0
359,Donji Grad,10000,149900,2939,51,2.0
360,Donji Grad,10000,129000,3225,40,2.0
361,Donji Grad,10000,550000,3438,160,4.0
364,Donji Grad,10000,360000,2893,124,3.0
365,Donji Grad,10000,149000,2614,57,1.0
370,Donji Grad,10000,250000,2747,91,3.0
371,Donji Grad,10000,259000,2726,95,3.0
374,Donji Grad,10000,210000,3000,70,1.0
376,Donji Grad,10000,85000,2500,34,1.0
378,Donji Grad,10000,160000,2667,60,3.0
380,Donji Grad,10000,296000,2643,112,2.0
382,Donji Grad,10000,155000,2768,56,1.0
383,Donji Grad,10000,59000,2458,24,1.0
386,Donji Grad,10000,350000,3182,110,2.0
390,Donji Grad,10000,83000,1886,44,1.0
392,Donji Grad,10000,55000,2750,20,1.0
395,Donji Grad,10000,350000,3500,100,4.0
397,Donji Grad,10000,550000,3438,160,3.0
398,Donji Grad,10000,280000,2593,108,3.0
402,Donji Grad,10000,113000,2690,42,2.0
405,Donji Grad,10000,265000,2677,99,3.0
406,Donji Grad,10000,239000,2812,85,3.0
409,Donji Grad,10000,187000,2200,85,1.0
412,Donji Grad,10000,75000,2419,31,1.0
414,Donji Grad,10000,125000,2660,47,2.0
416,Donji Grad,10000,90000,2647,34,1.0
421,Donji Grad,10000,195000,2671,73,2.0
427,Donji Grad,10000,305000,2723,112,3.0
428,Donji Grad,10000,290000,2544,114,4.0
429,Donji Grad,10000,301000,2894,104,3.0
430,Donji Grad,10000,289000,3211,90,3.0
433,Donji Grad,10000,165000,2115,78,1.0
435,Donji Grad,10000,231000,2989,77,3.0
436,Donji Grad,10000,399000,2660,150,5.0
437,Donji Grad,10000,270000,2935,92,3.0
439,Donji Grad,10000,150000,2864,52,2.0
441,Donji Grad,10000,149000,2661,56,2.0
445,Donji Grad,10000,80000,2667,30,1.0
447,Donji Grad,10000,719000,3140,229,4.0
450,Donji Grad,10000,720000,2880,250,5.0
453,Donji Grad,10000,464000,3000,154,4.0
455,Donji Grad,10000,200000,3235,61,1.0
457,Donji Grad,10000,280000,2617,107,4.0
460,Donji Grad,10000,290000,2544,114,4.0
461,Donji Grad,10000,560000,3436,163,4.0
463,Donji Grad,10000,55000,2750,20,1.0
464,Donji Grad,10000,229000,2693,85,2.0
465,Donji Grad,10000,399000,2660,150,3.0
466,Donji Grad,10000,93000,2447,38,1.0
467,Donji Grad,10000,284900,3166,90,3.0
468,Donji Grad,10000,260000,2600,100,4.0
472,Donji Grad,10000,160000,2667,60,2.0
473,Donji Grad,10000,260000,2721,95,2.0
475,Donji Grad,10000,210000,2745,76,2.0
478,Donji Grad,10000,260000,3250,80,3.0
481,Donji Grad,10000,87000,2351,37,1.0
482,Donji Grad,10000,248000,3100,80,3.0
484,Donji Grad,10000,340000,2720,125,4.0
486,Donji Grad,10000,649000,3019,215,4.0
490,Donji Grad,10000,390000,3000,130,3.0
493,Donji Grad,10000,350000,3043,115,2.0
494,Donji Grad,10000,135000,3375,40,1.0
495,Donji Grad,10000,90000,2368,38,1.0
496,Donji Grad,10000,62000,2583,24,1.0
497,Donji Grad,10000,345000,3136,110,4.0
501,Donji Grad,10000,110000,1931,56,1.0
502,Donji Grad,10000,249000,2541,98,4.0
503,Donji Grad,10000,270000,2700,100,3.0
509,Donji Grad,10000,279000,3033,92,1.0
510,Donji Grad,10000,80000,2105,38,1.0
513,Donji Grad,10000,289000,3211,90,2.0
514,Donji Grad,10000,450000,3600,125,3.0
515,Donji Grad,10000,295000,2921,101,2.0
516,Donji Grad,10000,1180000,3105,380,9.0
517,Donji Grad,10000,90000,2118,42,1.0
519,Donji Grad,10000,342000,3092,110,3.0
520,Donji Grad,10000,306000,3000,102,3.0
521,Donji Grad,10000,235000,2701,87,2.0
522,Donji Grad,10000,160000,2909,55,2.0
524,Donji Grad,10000,116000,2698,43,1.0
525,Donji Grad,10000,120000,2143,56,1.0
526,Donji Grad,10000,215000,3007,71,2.0
527,Donji Grad,10000,160000,3200,50,1.0
528,Donji Grad,10000,129300,3000,43,1.0
531,Donji Grad,10000,280000,2947,95,3.0
534,Donji Grad,10000,235000,2701,87,3.0
535,Donji Grad,10000,230000,3538,65,2.0
537,Donji Grad,10000,147900,2900,51,2.0
538,Donji Grad,10000,242000,2750,88,3.0
539,Donji Grad,10000,170000,2576,66,3.0
542,Donji Grad,10000,215000,2688,80,3.0
543,Donji Grad,10000,290000,2805,103,4.0
545,Donji Grad,10000,420000,2800,150,7.0
546,Donji Grad,10000,400000,3077,130,4.0
547,Donji Grad,10000,150000,2941,51,2.0
548,Donji Grad,10000,771032,3100,248,9.0
549,Donji Grad,10000,275000,2904,94,4.0
551,Donji Grad,10000,65000,2031,32,1.0
552,Donji Grad,10000,516000,3012,171,4.0
553,Donji Grad,10000,425600,2787,152,4.0
554,Donji Grad,10000,690000,2782,248,4.0
555,Donji Grad,10000,350000,2574,136,4.0
557,Donji Grad,10000,470000,3197,147,5.0
561,Donji Grad,10000,405000,3522,115,3.0
562,Donji Grad,10000,450000,3082,146,5.0
563,Donji Grad,10000,519000,3306,157,5.0
567,Donji Grad,10000,169000,2066,81,1.0
569,Donji Grad,10000,350000,2625,133,3.0
571,Donji Grad,10000,198000,3046,65,1.0
572,Donji Grad,10000,139000,2896,48,1.0
573,Donji Grad,10000,170000,2615,65,1.0
576,Donji Grad,10000,435000,3000,145,5.0
578,Donji Grad,10000,305000,2773,110,2.0
580,Donji Grad,10000,395000,2862,138,2.0
582,Donji Grad,10000,550000,3254,169,4.0
584,Donji Grad,10000,185000,2643,70,3.0
585,Donji Grad,10000,644800,2388,270,9.0
586,Donji Grad,10000,970000,3464,280,5.0
587,Donji Grad,10000,230000,2805,82,4.0
588,Donji Grad,10000,65000,2600,25,1.0
589,Donji Grad,10000,638044,3412,187,5.0
590,Donji Grad,10000,470000,3197,147,5.0
592,Donji Grad,10000,160000,2963,54,2.0
593,Donji Grad,10000,157000,2804,56,2.0
594,Donji Grad,10000,333000,2983,111,3.0
596,Donji Grad,10000,210000,2727,77,2.0
597,Donji Grad,10000,775000,3100,250,8.0
599,Donji Grad,10000,435000,3000,145,5.0
604,Donji Grad,10000,399000,2810,142,3.0
607,Donji Grad,10000,516000,3000,172,5.0
610,Donji Grad,10000,240000,3173,75,3.0
611,Donji Grad,10000,550000,3438,160,4.0
614,Donji Grad,10000,450000,3261,138,3.0
615,Donji Grad,10000,319000,2900,110,3.0
617,Donji Grad,10000,589000,2805,210,3.0
618,Donji Grad,10000,519000,3327,156,3.0
619,Donji Grad,10000,349000,3490,100,3.0
620,Donji Grad,10000,149000,2865,52,2.0
621,Donji Grad,10000,320000,2735,117,2.0
623,Donji Grad,10000,278000,2699,103,1.0
624,Donji Grad,10000,585000,2813,208,3.0
625,Donji Grad,10000,150000,2830,53,3.0
626,Donji Grad,10000,79000,3038,26,1.0
628,Donji Grad,10000,324000,2893,112,3.0
632,Donji Grad,10000,460000,3067,150,3.0
636,Donji Grad,10000,539000,3267,165,6.0
638,Donji Grad,10000,295000,3207,92,3.0
639,Donji Grad,10000,159000,2650,60,1.0
640,Donji Grad,10000,790000,3110,254,5.0
641,Donji Grad,10000,77000,2567,30,1.0
643,Donji Grad,10000,290000,3069,94,2.0
644,Donji Grad,10000,420000,2979,141,4.0
645,Donji Grad,10000,450000,3006,149,3.0
646,Donji Grad,10000,162500,2500,65,1.0
649,Donji Grad,10000,945000,3048,310,7.0
651,Donji Grad,10000,750000,3000,250,4.0
653,Donji Grad,10000,278000,3390,82,2.0
656,Donji Grad,10000,470000,2883,163,5.0
658,Donji Grad,10000,199000,3159,63,3.0
659,Donji Grad,10000,190000,2879,66,2.0
662,Donji Grad,10000,180000,3130,57,1.0
666,Donji Grad,10000,310000,2897,107,3.0
669,Donji Grad,10000,350000,3017,116,4.0
670,Donji Grad,10000,189000,2589,73,1.0
671,Donji Grad,10000,265000,3397,78,2.0
672,Donji Grad,10000,225000,3261,69,2.0
673,Donji Grad,10000,260000,2826,92,3.0
674,Donji Grad,10000,740000,3096,239,6.0
678,Donji Grad,10000,375000,3074,122,3.0
680,Donji Grad,10000,690000,3067,225,3.0
681,Donji Grad,10000,79900,2663,30,2.0
682,Donji Grad,10000,137500,2521,54,1.0
684,Donji Grad,10000,355000,3087,115,2.0
686,Donji Grad,10000,149000,2865,52,1.0
687,Donji Grad,10000,379000,2787,136,3.0
688,Donji Grad,10000,130000,2708,48,1.0
690,Donji Grad,10000,279000,2683,104,3.0
693,Donji Grad,10000,300000,3000,100,3.0
694,Donji Grad,10000,445000,2834,157,2.0
696,Donji Grad,10000,740000,2960,250,5.0
699,Donji Grad,10000,614000,2995,205,6.0
702,Donji Grad,10000,135000,3153,42,2.0
703,Donji Grad,10000,99000,2984,33,1.0
704,Donji Grad,10000,297000,2605,114,4.0
706,Donji Grad,10000,159000,2650,60,1.0
707,Donji Grad,10000,470000,3431,137,4.0
708,Donji Grad,10000,305000,3211,95,2.0
710,Dubrava,10040,235000,1895,124,4.0
722,Dubrava,10040,74001,2056,36,1.0
724,Dubrava,10040,100740,2190,46,2.0
725,Dubrava,10040,105120,2190,48,2.0
726,Dubrava,10040,155490,2190,71,3.0
727,Dubrava,10040,155490,2190,71,3.0
728,Dubrava,10040,122640,2190,56,3.0
729,Dubrava,10040,216810,2190,99,4.0
730,Dubrava,10040,183960,2190,84,4.0
731,Dubrava,10040,120000,2105,57,3.0
732,Dubrava,10040,144685,2128,68,3.0
733,Dubrava,10040,143450,2110,68,3.0
734,Dubrava,10040,144593,2126,68,3.0
735,Dubrava,10040,132441,2136,62,3.0
736,Dubrava,10040,132411,2136,62,3.0
737,Dubrava,10040,146775,2158,68,3.0
738,Dubrava,10040,270140,2233,121,4.0
739,Dubrava,10040,132411,2136,62,3.0
742,Dubrava,10040,180000,2077,86,3.0
743,Dubrava,10040,180000,2077,86,3.0
744,Dubrava,10040,120000,1954,61,3.0
746,Dubrava,10040,159099,1964,81,3.0
747,Dubrava,10040,164817,1976,83,3.0
748,Dubrava,10040,160055,2134,75,3.0
749,Dubrava,10040,158817,2135,74,3.0
750,Dubrava,10040,143583,2112,68,3.0
751,Dubrava,10040,136211,2233,61,3.0
754,Dubrava,10040,140000,2121,66,3.0
755,Dubrava,10040,115000,2073,55,3.0
756,Dubrava,10040,55000,1907,28,1.0
757,Dubrava,10040,122000,2000,61,3.0
766,Dubrava,10040,120231,2190,54,2.0
767,Dubrava,10040,206801,2190,94,3.0
768,Dubrava,10040,101572,2190,46,1.0
769,Dubrava,10040,120231,2190,54,2.0
770,Dubrava,10040,100696,2194,45,1.0
771,Dubrava,10040,185230,2190,84,3.0
772,Dubrava,10040,104309,2190,47,1.0
773,Dubrava,10040,101572,2190,46,1.0
774,Dubrava,10040,104528,2190,47,1.0
775,Dubrava,10040,155008,2190,70,2.0
776,Dubrava,10040,211181,2190,96,3.0
777,Dubrava,10040,132714,2190,60,2.0
778,Dubrava,10040,155008,2190,70,2.0
779,Dubrava,10040,102448,2190,46,1.0
780,Dubrava,10040,184792,2190,84,3.0
781,Dubrava,10040,132933,2190,60,2.0
782,Dubrava,10040,132933,2190,60,2.0
783,Dubrava,10040,157461,2190,71,2.0
784,Dubrava,10040,153037,2190,69,2.0
785,Dubrava,10040,101835,2190,46,1.0
786,Dubrava,10040,120231,2190,54,2.0
787,Dubrava,10040,153037,2190,69,2.0
788,Dubrava,10040,100039,2190,45,1.0
789,Dubrava,10040,121764,2190,55,2.0
793,Dubrava,10040,179000,2210,81,1.0
798,Dubrava,10040,228083,2055,111,4.0
799,Dubrava,10040,157660,2021,78,4.0
803,Dubrava,10040,279000,1911,146,4.0
822,Dubrava,10040,105000,1981,53,3.0
827,Dubrava,10040,228083,2050,111,4.0
835,Dugave,10020,124999,2016,62,3.0
836,Dugave,10020,68500,2015,34,1.0
837,Dugave,10020,95000,1644,57,2.0
838,Dugave,10020,99000,1664,59,2.0
839,Dugave,10020,190000,1900,100,4.0
841,Dugave,10020,69000,1917,36,1.0
842,Dugave,10020,76000,2000,38,1.0
843,Dugave,10020,69000,2091,33,1.0
844,Dugave,10020,85000,2125,40,2.0
847,Dugave,10020,99000,2063,48,2.0
848,Dugave,10020,99000,2063,48,2.0
850,Dugave,10020,123000,1892,65,2.0
852,Dugave,10020,89000,2094,42,1.0
853,Gajnice,10090,65000,1912,34,1.0
854,Gajnice,10090,144000,1920,75,3.0
856,Gajnice,10090,78000,1814,43,2.0
857,Gajnice,10090,190000,1863,102,3.0
858,Gajnice,10090,119500,1851,64,2.0
860,Gajnice,10090,140000,1842,76,3.0
861,Gajnice,10090,94000,1828,51,2.0
864,Gajnice,10090,79500,1849,43,2.0
866,Gajnice,10090,78499,1539,51,2.0
870,Gajnice,10090,119000,1844,64,2.0
873,Gajnice,10090,238744,1916,124,4.0
874,Gornji Grad,10000,285000,2794,102,3.0
875,Gornji Grad,10000,125000,2451,51,2.0
876,Gornji Grad,10000,550001,3198,172,5.0
877,Gornji Grad,10000,210000,2251,93,3.0
878,Gornji Grad,10000,120000,2727,44,1.0
880,Gornji Grad,10000,213000,3435,62,4.0
881,Gornji Grad,10000,790000,3160,250,6.0
882,Gornji Grad,10000,285000,2794,102,3.0
883,Gornji Grad,10000,65000,3250,20,1.0
884,Gornji Grad,10000,285000,2794,102,2.0
885,Gornji Grad,10000,69000,3000,23,1.0
886,Gornji Grad,10000,450000,3000,150,6.0
887,Gornji Grad,10000,279000,2771,100,3.0
888,Gornji Grad,10000,250000,3125,80,4.0
889,Gračani,10000,480000,2540,189,4.0
891,Gračani,10000,150000,2381,63,2.0
892,Gračani,10000,270000,2547,106,3.0
893,Gračani,10000,150000,2273,66,3.0
897,Gračani,10000,225000,1607,140,2.0
898,Gračani,10000,260000,2254,115,4.0
902,Gračani,10000,270000,2530,106,2.0
905,Gračani,10000,215000,2363,91,2.0
906,Gračani,10000,121000,2283,53,1.0
907,Gračani,10000,248600,2200,113,2.0
908,Gračani,10000,235000,2554,92,4.0
909,Gračani,10000,220000,2529,87,4.0
910,Gračani,10000,275000,2346,117,3.0
912,Gračani,10000,200000,2245,89,2.0
913,Gračani,10000,250000,2341,106,3.0
916,Gračani,10000,278640,2350,118,2.0
917,Gračani,10000,155000,1621,95,2.0
918,Gračani,10000,210000,2386,88,2.0
920,Gračani,10000,580000,2479,234,4.0
921,Gračani,10000,480000,2367,202,3.0
922,Gračani,10000,290000,2302,126,3.0
923,Gračani,10000,288000,2304,125,3.0
927,Gračani,10000,190000,2109,90,2.0
931,Gračani,10000,205000,2304,88,3.0
933,Gračani,10000,299000,2318,129,3.0
934,Gračani,10000,199000,1738,114,2.0
937,Gračani,10000,399000,2157,185,3.0
938,Gračani,10000,749000,2140,350,4.0
940,Jarun,10000,91600,2290,40,1.0
941,Jarun,10000,125000,2193,57,2.0
942,Jarun,10000,210000,2442,86,3.0
943,Jarun,10000,160001,2353,68,3.0
945,Jarun,10000,650000,2590,251,6.0
946,Jarun,10000,75000,2369,31,1.0
947,Jarun,10000,235000,2350,100,4.0
948,Jarun,10000,139000,2404,57,3.0
950,Jarun,10000,99000,2415,41,2.0
951,Jarun,10000,246321,2707,91,4.0
954,Jarun,10000,66000,2000,33,2.0
956,Jarun,10000,265000,2345,113,4.0
957,Jarun,10000,66000,2000,33,2.0
959,Jarun,10000,120000,2353,51,2.0
960,Jarun,10000,99000,2415,41,2.0
961,Jarun,10000,124800,2600,48,2.0
962,Jarun,10000,195000,2438,80,3.0
963,Jarun,10000,99000,2415,41,2.0
964,Jarun,10000,66000,2000,33,2.0
965,Jarun,10000,90000,2093,43,2.0
966,Jarun,10000,179000,2303,77,2.0
968,Kajzerica,10020,96950,2551,38,2.0
969,Kajzerica,10020,106450,2535,42,2.0
970,Kajzerica,10020,106125,2527,42,2.0
972,Kajzerica,10020,106125,2527,42,2.0
973,Kajzerica,10020,106450,2535,42,2.0
975,Kajzerica,10020,74550,2571,29,2.0
976,Kajzerica,10020,106125,2527,42,2.0
977,Kajzerica,10020,96950,2551,38,2.0
979,Kajzerica,10020,97025,2553,38,2.0
980,Kajzerica,10020,106450,2535,42,2.0
981,Kajzerica,10020,74550,2571,29,2.0
986,Kajzerica,10020,106125,2500,42,2.0
987,Kajzerica,10020,106125,2500,42,2.0
988,Kajzerica,10020,106450,2500,42,2.0
990,Kajzerica,10020,106450,2500,42,2.0
991,Kajzerica,10020,96950,2500,38,2.0
995,Kajzerica,10020,82000,2343,35,1.0
996,Kajzerica,10020,106125,2527,42,2.0
997,Kajzerica,10020,106450,2535,42,2.0
999,Kajzerica,10020,96950,2551,38,2.0
1001,Kajzerica,10020,106450,2535,42,2.0
1003,Kajzerica,10020,74550,2571,29,2.0
1005,Kajzerica,10020,106125,2527,42,2.0
1007,Kajzerica,10020,97025,2553,38,2.0
1008,Kajzerica,10020,74550,2571,29,2.0
1009,Kajzerica,10020,85000,2361,36,1.0
1010,Kajzerica,10020,74550,2571,29,2.0
1014,Kajzerica,10020,125000,2551,49,2.0
1017,Klara,10000,97388,1820,53,2.0
1018,Klara,10000,90921,1825,49,2.0
1022,Klara,10000,113677,1927,59,3.0
1023,Klara,10000,126863,1922,66,3.0
1024,Klara,10000,105944,1926,55,3.0
1025,Klara,10000,119282,1924,62,3.0
1026,Klara,10000,83676,1902,44,2.0
1027,Klara,10000,86963,1933,45,2.0
1029,Klara,10000,90317,1882,48,2.0
1030,Klara,10000,89577,1866,48,2.0
1031,Klara,10000,90317,1882,48,2.0
1033,Knežija,10000,110000,1864,59,2.0
1034,Knežija,10000,209000,2348,89,3.0
1035,Knežija,10000,109500,1921,57,2.0
1036,Knežija,10000,204000,2082,98,3.0
1037,Knežija,10000,109500,1908,57,2.0
1038,Knežija,10000,677775,1993,340,7.0
1039,Knežija,10000,114000,1932,59,3.0
1040,Knežija,10000,114000,1727,66,4.0
1041,Knežija,10000,109500,1921,57,2.0
1042,Knežija,10000,109500,1908,57,2.0
1043,Knežija,10000,98000,1822,53,2.0
1044,Kustošija,10000,220000,1447,152,5.0
1045,Kustošija,10000,144000,1973,73,3.0
1047,Kustošija,10000,158140,2000,79,3.0
1048,Kustošija,10000,125000,1738,71,2.0
1049,Kustošija,10000,220000,1446,152,5.0
1050,Kustošija,10000,162000,1952,83,3.0
1051,Kustošija,10000,83000,1976,42,2.0
1052,Kustošija,10000,88615,1885,47,2.0
1053,Kustošija,10000,122000,1877,65,3.0
1054,Kustošija,10000,140508,1873,75,3.0
1055,Kustošija,10000,112757,1879,60,3.0
1056,Kustošija,10000,123857,1877,66,3.0
1058,Kustošija,10000,106000,1963,54,4.0
1059,Kustošija,10000,77000,2026,38,3.0
1060,Kustošija,10000,114000,1869,61,2.0
1061,Kustošija,10000,114000,1830,62,2.0
1064,Kustošija,10000,114000,1869,61,2.0
1067,Kustošija,10000,139600,1997,69,3.0
1068,Kustošija,10000,114000,1869,61,2.0
1069,Kvatrić,10000,112000,2000,56,2.0
1071,Kvatrić,10000,135000,2596,52,2.0
1072,Kvatrić,10000,99000,2250,44,2.0
1075,Kvatrić,10000,123000,2196,56,2.0
1076,Kvatrić,10000,123001,2121,58,2.0
1077,Kvatrić,10000,210000,2500,84,3.0
1078,Kvatrić,10000,345000,2396,144,4.0
1080,Kvatrić,10000,185000,2372,78,2.0
1081,Kvatrić,10000,149000,2483,60,2.0
1082,Kvatrić,10000,139900,2591,54,2.0
1083,Kvatrić,10000,119000,2767,43,2.0
1085,Kvatrić,10000,257000,2649,97,3.0
1087,Kvatrić,10000,339000,2187,155,5.0
1090,Lanište,10020,220000,1913,115,5.0
1092,Lanište,10020,109274,2230,49,2.0
1093,Lanište,10020,109142,2227,49,2.0
1094,Lanište,10020,109142,2227,49,2.0
1095,Lanište,10020,109274,2230,49,2.0
1097,Lanište,10020,140602,2232,63,3.0
1098,Lanište,10020,109274,2230,49,2.0
1102,Lanište,10020,163306,2207,74,4.0
1103,Lanište,10020,92000,2091,44,2.0
1104,Lanište,10020,220000,1897,116,5.0
1106,Maksimir,10000,460000,2556,180,4.0
1107,Maksimir,10000,495000,2552,194,4.0
1108,Maksimir,10000,550000,3216,171,3.0
1109,Maksimir,10000,295000,2360,125,4.0
1110,Maksimir,10000,62000,2385,26,2.0
1113,Maksimir,10000,171001,2850,60,2.0
1114,Maksimir,10000,128000,2510,51,2.0
1116,Maksimir,10000,126000,2471,51,2.0
1117,Maksimir,10000,249000,2394,104,4.0
1120,Maksimir,10000,85000,2237,38,1.0
1125,Maksimir,10000,322500,2500,129,3.0
1126,Maksimir,10000,260000,2500,104,3.0
1127,Maksimir,10000,109000,2180,50,1.0
1129,Maksimir,10000,154000,2444,63,2.0
1130,Maksimir,10000,120000,2857,42,2.0
1133,Maksimir,10000,189900,2473,76,2.0
1137,Maksimir,10000,69000,1816,38,1.0
1138,Maksimir,10000,139900,2332,60,2.0
1140,Maksimir,10000,154000,2610,59,3.0
1141,Maksimir,10000,200000,2612,76,3.0
1144,Maksimir,10000,115000,2674,43,2.0
1145,Maksimir,10000,549000,2241,245,6.0
1146,Maksimir,10000,125000,2358,53,2.0
1148,Maksimir,10000,225000,2564,87,3.0
1149,Maksimir,10000,90000,1809,49,1.0
1150,Maksimir,10000,320000,2602,123,2.0
1152,Maksimir,10000,95000,2568,37,2.0
1154,Maksimir,10000,250000,2688,93,2.0
1155,Maksimir,10000,460000,2556,180,3.0
1156,Maksimir,10000,495000,2548,194,3.0
1157,Maksimir,10000,550000,3214,171,2.0
1158,Maksimir,10000,300000,2804,107,4.0
1160,Maksimir,10000,132500,2819,47,2.0
1161,Maksimir,10000,225000,3261,69,3.0
1162,Maksimir,10000,62000,2000,31,1.0
1163,Maksimir,10000,118999,2380,50,2.0
1164,Maksimir,10000,310000,2672,116,3.0
1168,Maksimir,10000,325000,2539,128,3.0
1169,Maksimir,10000,258900,2514,103,3.0
1170,Maksimir,10000,120000,2857,42,2.0
1171,Maksimir,10000,132500,2760,48,2.0
1174,Maksimir,10000,105000,2126,49,1.0
1178,Maksimir,10000,119000,2767,43,2.0
1179,Maksimir,10000,360000,2308,156,5.0
1181,Maksimir,10000,119000,2767,43,2.0
1183,Maksimir,10000,189900,2532,75,3.0
1184,Maksimir,10000,270000,2700,100,2.0
1185,Maksimir,10000,119500,2656,45,2.0
1186,Maksimir,10000,320000,2520,127,3.0
1187,Maksimir,10000,54900,2387,23,1.0
1194,Maksimir,10000,142000,2367,60,1.0
1196,Maksimir,10000,117000,2721,43,2.0
1197,Maksimir,10000,142000,2367,60,2.0
1199,Maksimir,10000,626510,3100,202,4.0
1202,Maksimir,10000,169000,2561,66,3.0
1204,Maksimir,10000,135000,2700,50,1.0
1205,Maksimir,10000,370000,3217,115,3.0
1206,Maksimir,10000,550000,2455,224,6.0
1207,Maksimir,10000,140000,2456,57,2.0
1208,Maksimir,10000,330000,2439,135,4.0
1210,Maksimir,10000,197682,2350,84,2.0
1212,Maksimir,10000,300000,2381,126,4.0
1214,Maksimir,10000,220000,2496,88,1.0
1216,Maksimir,10000,295000,2810,105,3.0
1219,Maksimir,10000,425000,1771,240,6.0
1221,Maksimir,10000,155000,2348,66,2.0
1222,Maksimir,10000,235000,2350,100,4.0
1223,Maksimir,10000,296000,2481,119,3.0
1224,Maksimir,10000,155000,2719,57,2.0
1225,Maksimir,10000,92000,2300,40,1.0
1227,Maksimir,10000,210000,2442,86,2.0
1229,Maksimir,10000,360000,2400,150,5.0
1234,Maksimir,10000,148832,3200,46,1.0
1235,Maksimir,10000,205000,2500,82,2.0
1237,Maksimir,10000,315000,2864,110,3.0
1238,Maksimir,10000,240000,2376,101,2.0
1239,Maksimir,10000,240000,2330,103,2.0
1243,Maksimir,10000,495000,2633,188,3.0
1244,Malešnica,10000,73000,1825,40,2.0
1245,Malešnica,10000,107500,1853,58,2.0
1246,Malešnica,10000,165000,2200,75,3.0
1247,Malešnica,10000,90000,1915,47,2.0
1248,Malešnica,10000,239000,2134,112,4.0
1249,Malešnica,10000,70000,1591,44,2.0
1250,Malešnica,10000,259000,1704,152,4.0
1251,Malešnica,10000,169000,1493,113,4.0
1252,Malešnica,10000,160000,1778,90,4.0
1253,Malešnica,10000,248500,1912,130,5.0
1254,Malešnica,10000,169000,1639,103,4.0
1255,Malešnica,10000,115000,2054,56,2.0
1256,Malešnica,10000,115000,2054,56,2.0
1257,Malešnica,10000,119500,2173,55,3.0
1258,Malešnica,10000,139000,1904,73,5.0
1259,Malešnica,10000,135000,2045,66,3.0
1260,Malešnica,10000,126000,2172,58,2.0
1261,Malešnica,10000,84000,1765,47,2.0
1262,Malešnica,10000,59900,1872,32,2.0
1267,Medveščak,10000,295000,2921,101,3.0
1270,Medveščak,10000,119000,3132,38,2.0
1271,Medveščak,10000,185000,2761,67,2.0
1276,Medveščak,10000,94500,2953,32,1.0
1277,Medveščak,10000,78000,2108,37,1.0
1282,Medveščak,10000,385000,3130,123,4.0
1284,Medveščak,10000,125000,2232,56,1.0
1286,Medveščak,10000,115000,2323,49,1.0
1287,Medveščak,10000,275000,2895,95,3.0
1289,Medveščak,10000,935589,2146,436,7.0
1299,Medveščak,10000,76000,2621,29,1.0
1301,Medveščak,10000,440000,2847,154,3.0
1302,Medveščak,10000,450000,3191,141,4.0
1304,Medveščak,10000,207200,2800,74,4.0
1305,Medveščak,10000,440000,3034,145,4.0
1307,Medveščak,10000,500000,2857,175,3.0
1309,Medveščak,10000,488000,3253,150,4.0
1311,Medveščak,10000,321516,3600,89,2.0
1313,Medveščak,10000,560000,3200,175,3.0
1315,Medveščak,10000,110000,1940,56,1.0
1316,Medveščak,10000,250000,2778,90,2.0
1318,Medveščak,10000,95300,3090,30,1.0
1320,Medveščak,10000,209000,2654,78,1.0
1321,Medveščak,10000,495000,3621,136,2.0
1324,Medveščak,10000,260000,2524,103,1.0
1326,Medveščak,10000,228000,2850,80,2.0
1328,Medveščak,10000,650000,3368,193,3.0
1330,Medveščak,10000,350000,3302,106,2.0
1331,Medveščak,10000,246361,3280,75,1.0
1332,Medveščak,10000,470000,3507,134,3.0
1333,Medveščak,10000,507500,3500,145,3.0
1334,Medveščak,10000,415000,3609,115,2.0
1335,Medveščak,10000,210000,3500,60,1.0
1336,Medveščak,10000,189000,2908,65,1.0
1338,Medveščak,10000,180000,2687,67,1.0
1341,Medveščak,10000,477500,3101,154,3.0
1344,Medveščak,10000,270000,2842,95,3.0
1345,Medveščak,10000,320000,3200,100,1.0
1346,Medveščak,10000,503914,3400,148,3.0
1347,Medveščak,10000,303654,3400,89,2.0
1348,Medveščak,10000,309566,3100,99,2.0
1349,Medveščak,10000,89000,2262,39,1.0
1351,Medveščak,10000,650000,3095,210,4.0
1353,Medveščak,10000,157000,2707,58,2.0
1354,Medveščak,10000,220000,3143,70,2.0
1356,Medveščak,10000,329000,2991,110,3.0
1358,Medveščak,10000,270000,3375,80,2.0
1359,Medveščak,10000,420000,3500,120,3.0
1363,Medveščak,10000,285000,2794,102,2.0
1364,Medveščak,10000,310000,2981,104,3.0
1365,Medveščak,10000,155000,2719,57,1.0
1370,Medveščak,10000,795000,3457,230,3.0
1371,Medveščak,10000,180000,3214,56,2.0
1372,Medveščak,10000,430000,3308,130,2.0
1373,Medveščak,10000,320000,3019,106,2.0
1378,Medveščak,10000,1285574,3400,378,3.0
1381,Medveščak,10000,550000,2856,192,3.0
1383,Medveščak,10000,489000,3000,163,3.0
1384,Mikulići,10000,232830,1990,117,4.0
1385,Mikulići,10000,212930,1990,107,4.0
1386,Mikulići,10000,232830,1990,117,4.0
1387,Mikulići,10000,70000,1667,42,3.0
1388,Mikulići,10000,232830,1990,117,4.0
1389,Mikulići,10000,212930,1990,107,4.0
1390,Mikulići,10000,72000,1693,42,3.0
1391,Mikulići,10000,321228,1805,178,4.0
1392,Mikulići,10000,160000,1649,97,4.0
1393,Mlinovi,10000,55000,2115,26,1.0
1394,Mlinovi,10000,240000,2667,90,4.0
1395,Mlinovi,10000,120000,1463,82,3.0
1396,Mlinovi,10000,110000,2157,51,2.0
1397,Mlinovi,10000,95000,1462,65,2.0
1398,Mlinovi,10000,165000,2706,60,3.0
1399,Mlinovi,10000,580000,2915,199,5.0
1400,Mlinovi,10000,580000,2900,200,5.0
1401,Mlinovi,10000,235000,1655,142,4.0
1402,Mlinovi,10000,370000,1878,197,5.0
1403,Mlinovi,10000,320000,2857,112,5.0
1404,Mlinovi,10000,115000,2255,51,2.0
1405,Pantovčak,10000,68000,2345,29,2.0
1406,Pantovčak,10000,74000,2242,33,1.0
1407,Pantovčak,10000,226000,2484,91,4.0
1408,Pantovčak,10000,83000,1886,44,2.0
1410,Pantovčak,10000,158000,2590,61,3.0
1411,Pantovčak,10000,410000,3015,136,5.0
1412,Pantovčak,10000,334999,2724,123,4.0
1417,Pantovčak,10000,160000,2807,57,3.0
1418,Pantovčak,10000,200000,2510,79,3.0
1419,Pantovčak,10000,695000,2309,301,4.0
1421,Pantovčak,10000,410000,3015,136,4.0
1423,Pantovčak,10000,68000,2345,29,2.0
1424,Pantovčak,10000,70000,2333,30,2.0
1425,Pantovčak,10000,299000,2372,126,3.0
1427,Pantovčak,10000,175000,1804,97,4.0
1428,Pantovčak,10000,462252,2802,165,4.0
1429,Pantovčak,10000,601770,3009,200,5.0
1431,Pantovčak,10000,159999,2286,70,3.0
1432,Podsused,10090,190000,1430,132,4.0
1433,Podsused,10090,62625,1527,41,3.0
1434,Podsused,10090,180000,1333,135,4.0
1435,Podsused,10090,235000,1506,156,3.0
1436,Podsused,10090,145545,1413,103,3.0
1437,Podsused,10090,159900,1719,93,3.0
1438,Podsused,10090,229000,1324,173,3.0
1439,Prečko,10000,120000,1966,61,3.0
1441,Prečko,10000,114900,1641,70,4.0
1442,Prečko,10000,87900,1953,45,1.0
1444,Prečko,10000,119990,1935,62,2.0
1445,Prečko,10000,54999,1833,30,1.0
1446,Prečko,10000,54999,1833,30,1.0
1447,Prečko,10000,54999,1833,30,1.0
1448,Prečko,10000,88900,2009,44,1.0
1450,Prečko,10000,99000,1800,55,1.0
1451,Remete,10167,157000,2211,71,2.0
1452,Remete,10167,162361,2194,74,3.0
1456,Remete,10167,345000,2399,143,4.0
1458,Remete,10167,235000,2136,110,3.0
1459,Remete,10167,120240,1857,64,3.0
1460,Remete,10167,126462,2086,60,3.0
1461,Remete,10167,129770,2080,62,3.0
1462,Remete,10167,169000,1550,109,3.0
1463,Remete,10167,249000,2394,104,4.0
1464,Remete,10167,163400,2140,76,3.0
1465,Remete,10167,233000,1701,137,3.0
1468,Remete,10167,299000,2199,136,4.0
1469,Remete,10167,280500,2200,127,4.0
1470,Remete,10167,318000,2201,144,4.0
1471,Rudeš,10000,120000,2105,57,2.0
1472,Rudeš,10000,168000,2049,82,3.0
1473,Rudeš,10000,95550,2077,46,2.0
1475,Rudeš,10000,99000,1737,57,2.0
1477,Rudeš,10000,89000,1978,45,3.0
1478,Rudeš,10000,144375,2123,68,3.0
1479,Rudeš,10000,172515,2104,82,4.0
1480,Rudeš,10000,110208,2119,52,3.0
1481,Rudeš,10000,110208,2119,52,3.0
1482,Rudeš,10000,110208,2119,52,3.0
1483,Rudeš,10000,144375,2123,68,3.0
1484,Rudeš,10000,89000,1978,45,3.0
1485,Rudeš,10000,93000,1938,48,2.0
1486,Rudeš,10000,143000,1932,74,3.0
1487,Savica,10000,156001,1950,80,3.0
1488,Savica,10000,150000,1875,80,3.0
1489,Savica,10000,120000,1935,62,2.0
1490,Savica,10000,156000,2164,72,3.0
1491,Savica,10000,240451,1955,123,4.0
1492,Savica,10000,129000,2081,62,2.0
1493,Savica,10000,158000,2194,72,3.0
1494,Savica,10000,130000,2097,62,2.0
1495,Savica,10000,156000,2080,75,2.0
1496,Savica,10000,125000,1990,62,2.0
1498,Sesvete,10360,120000,1739,69,3.0
1499,Sesvete,10360,73000,1352,54,3.0
1500,Sesvete,10360,179000,1297,138,3.0
1501,Sesvete,10360,101320,1512,67,3.0
1502,Sesvete,10360,102800,1512,68,3.0
1503,Sesvete,10360,84500,1509,56,3.0
1504,Sesvete,10360,99353,1505,66,3.0
1505,Sesvete,10360,85000,1491,57,3.0
1506,Sesvete,10360,68540,1523,45,2.0
1507,Sesvete,10360,104000,1507,69,3.0
1508,Sesvete,10360,100700,1503,67,3.0
1509,Sesvete,10360,100000,1351,74,3.0
1510,Sesvete,10360,125000,1603,78,3.0
1511,Sesvete,10360,86000,1433,60,2.0
1512,Sesvete,10360,96000,1247,77,3.0
1513,Sesvete,10360,139345,1550,89,4.0
1514,Sesvete,10360,142957,1550,92,4.0
1515,Sesvete,10360,106888,1550,68,3.0
1516,Sesvete,10360,126000,1482,85,3.0
1517,Sesvete,10360,110000,1618,68,3.0
1518,Sesvete,10360,94000,1649,57,3.0
1519,Sesvete,10360,89500,1660,53,2.0
1520,Sesvete,10360,140000,1609,87,3.0
1521,Sesvete,10360,189000,1590,118,4.0
1522,Sesvete,10360,169000,1589,106,3.0
1523,Sesvete,10360,139000,1598,86,3.0
1524,Sesvete,10360,195000,1591,122,4.0
1525,Sesvete,10360,148500,1650,90,4.0
1526,Sesvete,10360,140250,1650,85,4.0
1527,Sesvete,10360,148500,1650,90,3.0
1528,Sesvete,10360,135300,1650,82,3.0
1529,Sesvete,10360,95000,1484,64,3.0
1530,Sesvete,10360,90500,1616,56,2.0
1531,Sesvete,10360,76161,1620,47,2.0
1532,Sesvete,10360,94000,1382,68,3.0
1533,Sesvete,10360,140000,1538,91,4.0
1535,Sesvete,10360,95000,1247,76,3.0
1536,Sesvete,10360,107850,1500,71,3.0
1537,Siget,10020,148000,2176,68,3.0
1538,Siget,10020,102001,1889,54,2.0
1540,Siget,10020,105000,2019,52,2.0
1541,Siget,10020,175000,1733,101,4.0
1542,Siget,10020,115000,2130,54,3.0
1544,Siget,10020,115000,2130,54,2.0
1545,Siget,10020,95000,2159,44,2.0
1546,Siget,10020,85000,1939,43,2.0
1547,Siget,10020,116000,2231,52,2.0
1548,Siget,10020,105000,2019,52,2.0
1549,Srednjaci,10000,105001,1750,60,3.0
1550,Srednjaci,10000,180001,2045,88,3.0
1551,Srednjaci,10000,99000,1941,51,3.0
1552,Srednjaci,10000,135000,2238,60,3.0
1553,Srednjaci,10000,222000,2176,102,4.0
1554,Srednjaci,10000,149000,1863,80,3.0
1555,Srednjaci,10000,85000,1735,49,3.0
1556,Srednjaci,10000,166000,2075,80,3.0
1557,Srednjaci,10000,128000,1662,77,3.0
1558,Srednjaci,10000,115000,1783,64,2.0
1559,Srednjaci,10000,117000,1918,61,3.0
1560,Srednjaci,10000,97000,1830,53,2.0
1561,Srednjaci,10000,115000,1797,64,2.0
1562,Srednjaci,10000,92000,1917,48,1.0
1563,Srednjaci,10000,119000,1874,63,3.0
1564,Srednjaci,10000,112000,2036,55,2.0
1565,Srednjaci,10000,120000,1905,63,3.0
1566,Stenjevec,10090,230000,1933,119,3.0
1570,Stenjevec,10090,95000,2021,47,2.0
1571,Stenjevec,10090,210600,1950,108,4.0
1572,Stenjevec,10090,342000,1988,172,5.0
1573,Stenjevec,10090,330000,1988,166,5.0
1574,Stenjevec,10090,249000,1992,125,5.0
1575,Stenjevec,10090,203000,1990,102,4.0
1576,Stenjevec,10090,156000,2000,78,3.0
1577,Stenjevec,10090,238601,2005,119,4.0
1578,Stenjevec,10090,166680,2000,83,4.0
1579,Stenjevec,10090,145460,2000,72,3.0
1580,Stenjevec,10090,137220,2000,68,3.0
1581,Stenjevec,10090,137180,2000,68,3.0
1582,Stenjevec,10090,234320,2000,117,4.0
1583,Stenjevec,10090,183000,1947,94,3.0
1585,Stenjevec,10090,79135,1930,41,2.0
1586,Stenjevec,10090,183279,1990,92,4.0
1587,Stenjevec,10090,147041,1990,73,3.0
1588,Stenjevec,10090,183279,1990,92,4.0
1589,Stenjevec,10090,191697,1990,96,4.0
1590,Stenjevec,10090,159140,1990,79,4.0
1591,Stenjevec,10090,112077,1990,56,2.0
1592,Stenjevec,10090,145190,1990,72,4.0
1593,Stenjevec,10090,191697,1990,96,4.0
1594,Stenjevec,10090,79173,1931,41,2.0
1595,Stenjevec,10090,78812,1922,41,2.0
1596,Stenjevec,10090,79154,1931,41,2.0
1597,Stenjevec,10090,79135,1930,41,2.0
1598,Stenjevec,10090,78850,1923,41,2.0
1599,Stenjevec,10090,79135,1930,41,2.0
1601,Stenjevec,10090,79173,1931,41,2.0
1602,Stenjevec,10090,78812,1922,41,2.0
1603,Stenjevec,10090,79154,1931,41,2.0
1604,Stenjevec,10090,78983,1926,41,2.0
1610,Stenjevec,10090,78489,1914,41,2.0
1611,Stenjevec,10090,80313,1912,42,2.0
1612,Stenjevec,10090,80313,1912,42,2.0
1620,Stenjevec,10090,150583,2008,75,3.0
1621,Stenjevec,10090,341862,1999,171,5.0
1623,Stenjevec,10090,156254,2003,78,3.0
1624,Stenjevec,10090,180672,2007,90,4.0
1625,Stenjevec,10090,156254,2003,78,3.0
1626,Stenjevec,10090,183637,1996,92,4.0
1627,Stenjevec,10090,282361,2003,141,4.0
1628,Stenjevec,10090,247874,1999,124,5.0
1629,Stenjevec,10090,215158,1992,108,4.0
1630,Stenjevec,10090,329265,1996,165,5.0
1631,Stenjevec,10090,341862,1999,171,5.0
1632,Stenjevec,10090,110000,2043,53,2.0
1633,Stenjevec,10090,89000,1978,45,2.0
1635,Stenjevec,10090,43000,1870,23,1.0
1636,Stenjevec,10090,152000,2130,71,3.0
1638,Stenjevec,10090,148000,1973,75,3.0
1639,Stenjevec,10090,160900,2037,79,3.0
1643,Stenjevec,10090,134000,1645,81,2.0
1645,Stenjevec,10090,140000,1667,84,2.0
1646,Travno,10020,134000,1675,80,3.0
1647,Travno,10020,110000,1774,62,2.0
1648,Travno,10020,99000,1678,59,2.0
1649,Travno,10020,115000,1716,67,2.0
1650,Travno,10020,135000,1800,75,3.0
1651,Travno,10020,155000,1824,85,3.0
1652,Travno,10020,129000,1843,70,3.0
1653,Trešnjevka,10110,141250,2522,56,2.0
1654,Trešnjevka,10110,178924,2451,73,3.0
1655,Trešnjevka,10110,76000,2375,32,1.0
1658,Trešnjevka,10110,118500,2576,46,2.0
1659,Trešnjevka,10110,156801,2450,64,2.0
1662,Trešnjevka,10110,166000,2635,63,3.0
1663,Trešnjevka,10110,98000,2227,44,2.0
1664,Trešnjevka,10110,80000,2353,34,2.0
1665,Trešnjevka,10110,117999,2145,55,2.0
1667,Trešnjevka,10110,154001,2369,65,2.0
1670,Trešnjevka,10110,100000,2273,44,2.0
1676,Trešnjevka,10110,69000,2300,30,2.0
1685,Trešnjevka,10110,59000,1844,32,1.0
1686,Trešnjevka,10110,125000,2500,50,3.0
1690,Trešnjevka,10110,150000,2500,60,3.0
1691,Trešnjevka,10110,196800,2400,82,3.0
1693,Trešnjevka,10110,69000,2300,30,2.0
1694,Trešnjevka,10110,85000,2472,34,2.0
1696,Trešnjevka,10110,90000,2662,33,2.0
1697,Trešnjevka,10110,220000,2667,82,3.0
1698,Trešnjevka,10110,65000,2031,32,1.0
1699,Trešnjevka,10110,71900,2181,32,1.0
1700,Trešnjevka,10110,239000,2516,95,4.0
1702,Trešnjevka,10110,112943,2689,42,2.0
1708,Trešnjevka,10110,110000,2406,45,2.0
1709,Trešnjevka,10110,85000,2500,34,2.0
1710,Trešnjevka,10110,284625,2500,113,5.0
1712,Trešnjevka,10110,171325,2500,68,3.0
1715,Trešnjevka,10110,239000,2656,90,3.0
1716,Trešnjevka,10110,78000,2000,39,1.0
1718,Trešnjevka,10110,112943,2689,42,2.0
1719,Trešnjevka,10110,146942,2672,55,2.0
1720,Trešnjevka,10110,148585,2653,56,2.0
1721,Trešnjevka,10110,130539,2664,49,2.0
1722,Trešnjevka,10110,163276,2551,64,3.0
1723,Trešnjevka,10110,178602,2551,70,3.0
1724,Trešnjevka,10110,165240,2582,64,2.0
1725,Trešnjevka,10110,172864,2580,67,2.0
1726,Trešnjevka,10110,212389,2559,83,3.0
1727,Trešnjevka,10110,165240,2582,64,2.0
1728,Trešnjevka,10110,172915,2581,67,2.0
1729,Trešnjevka,10110,180703,2581,70,3.0
1730,Trešnjevka,10110,163572,2596,63,2.0
1731,Trešnjevka,10110,171389,2597,66,2.0
1732,Trešnjevka,10110,215430,2596,83,3.0
1733,Trešnjevka,10110,213078,2567,83,3.0
1740,Trešnjevka,10110,139900,2498,56,1.0
1741,Trešnjevka,10110,199000,2488,80,3.0
1742,Trešnjevka,10110,212390,2559,83,3.0
1743,Trešnjevka,10110,182468,2607,70,3.0
1744,Trešnjevka,10110,180729,2582,70,3.0
1745,Trešnjevka,10110,180704,2581,70,3.0
1746,Trešnjevka,10110,171390,2597,66,2.0
1747,Trešnjevka,10110,172916,2581,67,2.0
1748,Trešnjevka,10110,163572,2596,63,2.0
1749,Trešnjevka,10110,165240,2582,64,2.0
1750,Trešnjevka,10110,218322,2630,83,3.0
1751,Trešnjevka,10110,215430,2596,83,3.0
1752,Trešnjevka,10110,119000,2245,53,2.0
1753,Trešnjevka,10110,199000,2488,80,2.0
1754,Trešnjevka,10110,190000,2436,78,2.0
1756,Trešnjevka,10110,105000,2500,42,2.0
1760,Trešnjevka,10110,75000,2202,34,2.0
1761,Trešnjevka,10110,284625,2519,113,5.0
1762,Trešnjevka,10110,95000,2568,37,2.0
1763,Trešnjevka,10110,215430,2596,83,3.0
1764,Trešnjevka,10110,178602,2551,70,3.0
1766,Trešnjevka,10110,201401,2443,82,2.0
1767,Trešnjevka,10110,150975,2531,59,2.0
1768,Trešnjevka,10110,197829,2550,77,2.0
1769,Trešnjevka,10110,189000,1989,95,1.0
1770,Trešnjevka,10110,177000,2360,75,3.0
1773,Trešnjevka,10110,204553,2657,77,3.0
1774,Trešnjevka,10110,200000,2597,77,3.0
1775,Trešnjevka,10110,178000,2424,73,4.0
1776,Trešnjevka,10110,140000,1842,76,1.0
1777,Trešnjevka,10110,109755,2250,48,1.0
1778,Trešnjevka,10110,141570,2250,62,1.0
1781,Trešnjevka,10110,80000,2105,38,1.0
1783,Trešnjevka,10110,151000,2517,60,3.0
1786,Trešnjevka,10110,112943,2689,42,2.0
1787,Trešnjevka,10110,141907,2677,53,3.0
1789,Trešnjevka,10110,65000,1970,33,1.0
1791,Trešnjevka,10110,53000,1963,27,1.0
1792,Trešnjevka,10110,122000,2100,58,2.0
1793,Trešnjevka,10110,122000,2100,58,2.0
1795,Trešnjevka,10110,155000,2112,73,2.0
1796,Trešnjevka,10110,109500,1888,58,1.0
1798,Trešnjevka,10110,113000,2690,42,2.0
1799,Trešnjevka,10110,230000,2556,90,2.0
1801,Trešnjevka,10110,108000,2438,44,1.0
1802,Trešnjevka,10110,152900,2103,72,2.0
1804,Trešnjevka,10110,56600,1887,30,1.0
1805,Trešnjevka,10110,179291,2449,73,3.0
1807,Trešnjevka,10110,327000,2451,133,4.0
1809,Trešnjevka,10110,188680,2650,71,2.0
1814,Trešnjevka,10110,112943,2650,42,1.0
1815,Trešnjevka,10110,119000,2245,53,2.0
1816,Trešnjevka,10110,140556,2652,53,3.0
1817,Trešnjevka,10110,197829,2569,77,3.0
1818,Trešnjevka,10110,189720,2564,74,3.0
1819,Trešnjevka,10110,190995,2581,74,3.0
1821,Trešnjevka,10110,400000,2564,156,5.0
1822,Trešnjevka,10110,235000,2640,89,3.0
1823,Trešnjevka,10110,59000,1844,32,1.0
1824,Trešnjevka,10110,500000,2500,200,3.0
1825,Trešnjevka,10110,113000,1883,60,1.0
1826,Trešnjevka,10110,140000,2154,65,2.0
1827,Trešnjevka,10110,450000,2378,189,4.0
1829,Trnje,10020,244990,2606,94,4.0
1830,Trnje,10020,165000,3000,55,3.0
1831,Trnje,10020,59000,2360,25,1.0
1835,Trnje,10020,150000,2727,55,2.0
1836,Trnje,10020,145000,2636,55,1.0
1837,Trnje,10020,159000,3000,53,1.0
1839,Trnje,10020,135000,2455,55,1.0
1844,Trnje,10020,178000,3100,57,1.0
1845,Trnje,10020,60500,2521,24,1.0
1847,Trnje,10020,370000,2387,155,4.0
1848,Trnje,10020,297000,2216,134,5.0
1851,Trnje,10020,278064,2980,93,2.0
1852,Trnje,10020,199898,2980,67,1.0
1853,Trnje,10020,193861,2890,67,1.0
1854,Trnje,10020,199898,2980,67,1.0
1855,Trnje,10020,117000,2294,51,1.0
1856,Trnsko,10020,120000,1791,67,3.0
1857,Trnsko,10020,85000,1604,53,2.0
1858,Trnsko,10020,91500,1867,49,2.0
1859,Trnsko,10020,78500,1596,49,2.0
1860,Trnsko,10020,99000,1942,50,2.0
1861,Trnsko,10020,78500,1602,49,2.0
1862,Trnsko,10020,85000,1809,47,2.0
1863,Trnsko,10020,79000,1612,49,2.0
1864,Trnsko,10020,98019,1885,52,1.0
1865,Trnsko,10020,90000,1971,45,1.0
1866,Trnsko,10020,85000,1667,51,2.0
1867,Tuškanac,10000,475000,3276,145,3.0
1868,Tuškanac,10000,360000,3000,120,4.0
1869,Tuškanac,10000,460000,3217,143,4.0
1870,Tuškanac,10000,460000,3217,143,4.0
1871,Tuškanac,10000,650000,3095,210,4.0
1872,Tuškanac,10000,460000,3217,143,5.0
1873,Tuškanac,10000,180000,3371,53,1.0
1875,Tuškanac,10000,420000,3500,120,4.0
1876,Tuškanac,10000,512500,2500,205,4.0
1877,Tuškanac,10000,350000,2917,120,4.0
1878,Tuškanac,10000,460000,3217,143,4.0
1879,Utrina,10020,191000,2146,89,4.0
1880,Utrina,10020,105000,1842,57,2.0
1881,Utrina,10020,192000,1864,103,3.0
1882,Utrina,10020,107000,1862,57,3.0
1883,Utrina,10020,191000,2146,89,4.0
1884,Utrina,10020,197000,1913,103,4.0
1885,Utrina,10020,87000,2071,42,2.0
1886,Utrina,10020,115000,2018,57,3.0
1887,Utrina,10020,107000,1877,57,2.0
1888,Utrina,10020,109000,1896,57,2.0
1889,Volovčica,10000,105000,2019,52,2.0
1890,Volovčica,10000,138001,2000,69,3.0
1891,Volovčica,10000,87000,1977,44,2.0
1892,Volovčica,10000,115000,1917,60,3.0
1893,Volovčica,10000,91000,1740,52,2.0
1894,Volovčica,10000,115000,1917,60,3.0
1895,Voltino,10000,85000,1962,43,1.0
1896,Voltino,10000,160000,2025,79,3.0
1897,Voltino,10000,49000,1690,29,2.0
1898,Voltino,10000,95000,1462,65,2.0
1899,Voltino,10000,95000,1462,65,2.0
1900,Voltino,10000,75000,1667,45,2.0
1901,Voltino,10000,86000,1686,51,2.0
1904,Voltino,10000,75000,1667,45,2.0
1905,Voltino,10000,79000,1795,44,2.0
1906,Voltino,10000,139000,1805,77,3.0
1907,Voltino,10000,85000,1700,50,3.0
1908,Vrapče,10090,112001,2154,52,2.0
1909,Vrapče,10090,188244,2241,84,3.0
1910,Vrapče,10090,266679,2241,119,4.0
1911,Vrapče,10090,203931,2241,91,3.0
1913,Vrapče,10090,139000,1463,95,3.0
1914,Vrapče,10090,313140,2007,156,5.0
1915,Vrapče,10090,149900,1363,110,3.0
1916,Vrapče,10090,129000,1792,72,3.0
1917,Vrapče,10090,87000,1851,47,2.0
1918,Vrapče,10090,261976,2201,119,4.0
1919,Vrapče,10090,200706,2206,91,3.0
1921,Vrapče,10090,185570,2209,84,3.0
1922,Vrapče,10090,135420,1991,68,3.0
1923,Vrapče,10090,111540,1992,56,3.0
1924,Vrapče,10090,135480,1992,68,3.0
1925,Vrapče,10090,111540,2028,55,3.0
1926,Vrapče,10090,100780,2016,50,2.0
1927,Vrapče,10090,148360,2005,74,3.0
1929,Vrapče,10090,78000,2053,38,2.0
1930,Vrapče,10090,266000,2235,119,4.0
1931,Vrapče,10090,204000,2242,91,3.0
1932,Vrapče,10090,189000,2250,84,3.0
1937,Vrapče,10090,295000,1512,195,3.0
1940,Vrapče,10090,75000,1596,47,2.0
1941,Vrapče,10090,340000,1921,177,5.0
1942,Vrbani,10000,130000,2241,58,2.0
1944,Vrbani,10000,159000,1988,80,2.0
1945,Vrbani,10000,180000,2338,77,2.0
1947,Vrbani,10000,495001,2357,210,5.0
1948,Vrbani,10000,105000,2917,36,2.0
1949,Vrbani,10000,165000,1755,94,4.0
1950,Vrbani,10000,180000,2368,76,2.0
1951,Vrbani,10000,190000,2500,76,2.0
1952,Vrbani,10000,175000,2244,78,4.0
1953,Vrbani,10000,190000,2500,76,2.0
1954,Vrbani,10000,185000,1587,116,4.0
1955,Vrbik,10000,149500,2136,70,3.0
1956,Vrbik,10000,104000,2261,46,2.0
1957,Vrbik,10000,140000,2414,58,3.0
1958,Vrbik,10000,127000,2190,58,3.0
1959,Vrbik,10000,265000,2491,106,4.0
1960,Vrbik,10000,104000,2261,46,2.0
1961,Vrbik,10000,156000,2294,68,3.0
1962,Vrbik,10000,126000,2681,47,1.0
1963,Vrbik,10000,165000,2115,78,3.0
1964,Vrbik,10000,126000,2681,47,1.0
1965,Vrbik,10000,130700,2723,48,1.0
1966,Vrbik,10000,280000,2456,114,4.0
1967,Zagreb,10000,249000,1886,132,4.0
1968,Zagreb,10000,137584,1850,74,2.0
1969,Zagreb,10000,97655,1825,53,1.0
1971,Zagreb,10000,137167,1825,75,2.0
1972,Zagreb,10000,92167,1850,49,1.0
1973,Zagreb,10000,140914,1850,76,2.0
1974,Zagreb,10000,130000,1857,70,2.0
1975,Zagreb,10000,135000,1929,70,2.0
1976,Zagreb,10000,135000,1901,71,2.0
1977,Zagreb,10000,292000,1497,195,6.0
1978,Zagreb,10000,449000,1863,241,5.0
1979,Zagreb,10000,106985,1850,57,2.0
1980,Zagreb,10000,144522,1850,78,2.0
1981,Zagreb,10000,106985,1850,57,2.0
1982,Zagreb,10000,93573,1850,50,1.0
1983,Zagreb,10000,207000,1953,106,4.0
1984,Zapruđe,10020,90500,1667,54,2.0
1985,Zapruđe,10020,155000,1867,83,3.0
1986,Zapruđe,10020,155600,1863,83,3.0
1987,Zapruđe,10020,90500,1676,54,2.0
1988,Zapruđe,10020,155000,1867,83,3.0
1989,Zapruđe,10020,124000,2000,62,2.0
1990,Zapruđe,10020,105000,1694,62,3.0
1991,Zapruđe,10020,155000,1867,83,3.0
1992,other,10000,106400,1900,56,3.0
1995,other,10153,155000,2422,64,2.0
1997,other,10000,138000,2029,68,2.0
1998,other,10000,188000,2293,82,3.0
1999,other,10123,243000,2132,114,4.0
2002,other,10153,168000,2074,81,3.0
2003,other,10123,113400,2100,54,3.0
2008,other,10020,167500,2094,80,3.0
2010,other,10153,137000,2060,66,3.0
2012,other,10020,52000,1969,26,1.0
2014,other,10040,117000,2141,54,2.0
2015,other,10000,210000,1982,105,3.0
2016,other,10090,695000,2309,301,5.0
2017,other,10000,249200,2148,116,4.0
2018,other,10020,50000,1923,26,1.0
2020,other,10000,228000,2057,110,4.0
2021,other,10000,138000,2029,68,3.0
2022,other,10123,243000,2132,114,4.0
2025,other,10000,135000,2077,65,3.0
2026,other,10000,128000,2032,63,3.0
2027,other,10010,128000,2370,54,2.0
2028,other,10020,100600,2012,50,2.0
2029,other,10020,99000,2106,47,2.0
2030,other,10020,139000,2106,66,3.0
2034,other,10000,139000,2014,69,3.0
2036,other,10020,50000,1923,26,1.0
2037,other,10000,138000,2029,68,3.0
2038,other,10010,130000,2203,59,2.0
2040,other,10000,129466,1900,68,3.0
2041,other,10110,76000,1900,40,1.0
2045,other,10000,156000,1950,80,3.0
2046,other,10000,65000,2167,30,1.0
2049,other,10000,240000,2143,112,4.0
2052,other,10010,125000,2193,57,3.0
2053,other,10000,149000,2403,62,2.0
2054,other,10000,110000,2075,53,2.0
2055,other,10000,115000,2018,57,3.0
2056,other,10010,125000,2232,56,3.0
2057,other,10020,82770,2122,39,1.0
2058,other,10000,250500,2407,104,3.0
2059,other,10000,47000,2043,23,1.0
2062,other,10000,253000,1398,181,7.0
2065,other,10000,155000,2013,77,3.0
2074,other,10153,150000,2218,67,3.0
2076,other,10000,188600,2300,82,3.0
2077,other,10020,125000,2232,56,2.0
2079,other,10000,157000,2151,73,2.0
2080,other,10000,350000,2414,145,5.0
2082,other,10000,135000,1824,74,5.0
2083,other,10123,365400,1707,214,7.0
2084,other,10123,365400,1707,214,7.0
2088,other,10153,150000,2218,67,3.0
2090,other,10000,204383,2161,94,4.0
2091,other,10000,384807,2074,185,5.0
2093,Črnomerec,10000,298000,2292,130,4.0
2094,Črnomerec,10000,103550,2301,45,2.0
2098,Črnomerec,10000,310000,2296,135,4.0
2099,Črnomerec,10000,250000,2778,90,3.0
2100,Črnomerec,10000,112000,2800,40,2.0
2103,Črnomerec,10000,329000,2437,135,5.0
2105,Črnomerec,10000,210000,2442,86,4.0
2106,Črnomerec,10000,189000,2172,87,3.0
2107,Črnomerec,10000,109000,2180,50,2.0
2110,Črnomerec,10000,230000,2277,101,4.0
2111,Črnomerec,10000,196800,2400,82,3.0
2114,Črnomerec,10000,179000,2419,74,3.0
2122,Črnomerec,10000,179000,2404,74,3.0
2124,Črnomerec,10000,650000,2778,234,3.0
2132,Črnomerec,10000,141000,2564,55,2.0
2134,Črnomerec,10000,219000,2704,81,3.0
2136,Črnomerec,10000,323000,2543,127,4.0
2137,Črnomerec,10000,219000,2607,84,2.0
2138,Črnomerec,10000,250000,2427,103,2.0
2140,Črnomerec,10000,258000,2580,100,3.0
2141,Črnomerec,10000,124650,2544,49,2.0
2142,Črnomerec,10000,181344,2418,75,3.0
2143,Črnomerec,10000,197040,2433,81,3.0
2144,Črnomerec,10000,239496,2419,99,4.0
2145,Črnomerec,10000,239784,2422,99,4.0
2146,Črnomerec,10000,197640,2707,73,4.0
2147,Črnomerec,10000,310000,2307,134,3.0
2149,Črnomerec,10000,326800,2403,136,4.0
2150,Črnomerec,10000,302400,2400,126,3.0
2151,Črnomerec,10000,250000,2427,103,3.0
2154,Črnomerec,10000,335000,2538,132,4.0
2156,Črnomerec,10000,125000,2299,54,3.0
2157,Črnomerec,10000,190000,2405,79,1.0
2159,Črnomerec,10000,220000,2178,101,3.0
2160,Črnomerec,10000,189000,2172,87,3.0
2162,Črnomerec,10000,150000,2500,60,1.0
2163,Črnomerec,10000,50000,2083,24,1.0
2165,Črnomerec,10000,75000,1913,39,1.0
2168,Črnomerec,10000,219000,2704,81,3.0
2170,Črnomerec,10000,227392,2208,103,2.0
2174,Črnomerec,10000,230000,2553,90,3.0
2175,Črnomerec,10000,230000,2277,101,4.0
2176,Črnomerec,10000,116304,2423,48,3.0
2180,Črnomerec,10000,219000,2268,96,2.0
2182,Črnomerec,10000,41000,2278,18,1.0
2183,Črnomerec,10000,109000,2535,43,2.0
2184,Črnomerec,10000,360000,2368,152,4.0
2185,Črnomerec,10000,300000,2290,131,3.0
2197,Črnomerec,10000,223000,2165,103,3.0
2202,Črnomerec,10000,252200,2449,103,3.0
2203,Črnomerec,10000,318000,2504,127,4.0
2210,Črnomerec,10000,77900,1770,44,1.0
2212,Črnomerec,10000,350000,2612,134,3.0
2219,Črnomerec,10000,134000,2436,55,2.0
2220,Črnomerec,10000,194000,2366,82,3.0
2221,Črnomerec,10000,164000,2603,63,3.0
2222,Črnomerec,10000,165900,2552,65,3.0
2224,Črnomerec,10000,380000,2436,156,4.0
2225,Črnomerec,10000,190775,2327,82,3.0
2226,Črnomerec,10000,166320,2640,63,3.0
2227,Črnomerec,10000,172260,2650,65,3.0
2228,Črnomerec,10000,172260,2650,65,3.0
2229,Črnomerec,10000,294975,2252,131,4.0
2231,Črnomerec,10000,142000,2582,55,3.0
2232,Črnomerec,10000,299000,2354,127,3.0
2234,Črnomerec,10000,210000,2800,75,3.0
2235,Črnomerec,10000,239000,2276,105,3.0
2237,Črnomerec,10000,379000,2477,153,3.0
2238,Črnomerec,10000,130000,2131,61,1.0
2241,Črnomerec,10000,395000,2297,172,3.0
2242,Šalata,10000,115000,2300,50,2.0
2243,Šalata,10000,228000,2850,80,3.0
2244,Šalata,10000,330000,2519,131,4.0
2245,Šalata,10000,103750,2804,37,2.0
2246,Šalata,10000,115000,2323,49,2.0
2247,Šalata,10000,330000,2978,110,4.0
2248,Šalata,10000,215000,2593,82,4.0
2250,Šalata,10000,279000,2709,103,4.0
2251,Šalata,10000,155000,2313,67,4.0
2252,Šalata,10000,228000,2850,80,3.0
2253,Šalata,10000,419000,3104,135,5.0
2254,Šalata,10000,289000,2806,103,4.0
2255,Šalata,10000,140000,2500,56,3.0
2256,Šalata,10000,290000,2816,103,4.0
2257,Šalata,10000,350000,2381,147,4.0
2258,Šalata,10000,270000,2554,105,4.0
2259,Šalata,10000,89000,2781,32,1.0
2260,Šalata,10000,228000,3000,76,3.0
2261,Šalata,10000,160000,2286,70,4.0
2262,Šalata,10000,270000,2795,96,4.0
2263,Šalata,10000,610000,3144,194,5.0
2264,Šalata,10000,430000,2688,160,4.0
2265,Šalata,10000,185000,2467,75,3.0
2266,Šestine,10000,195000,2167,90,3.0
2269,Šestine,10000,235001,2350,100,4.0
2272,Šestine,10000,267500,2537,105,4.0
2273,Šestine,10000,195000,2097,93,3.0
2274,Šestine,10000,129988,1857,70,3.0
2275,Šestine,10000,309000,2575,120,4.0
2278,Šestine,10000,299000,2318,129,4.0
2279,Šestine,10000,220000,2529,87,3.0
2280,Šestine,10000,199000,2359,84,3.0
2281,Šestine,10000,499238,2300,217,4.0
2283,Šestine,10000,255000,1992,128,6.0
2284,Šestine,10000,220000,2200,100,3.0
2286,Šestine,10000,350000,1804,194,6.0
2287,Šestine,10000,504450,2500,201,4.0
2288,Šestine,10000,681723,2100,324,6.0
2289,Šestine,10000,587376,2400,244,4.0
2291,Šestine,10000,399000,2574,155,3.0
2292,Šestine,10000,299000,2300,130,4.0
2297,Špansko,10147,79500,1728,46,2.0
2298,Špansko,10147,120000,2034,59,2.0
2299,Špansko,10147,79900,1737,46,1.0
2300,Špansko,10147,152000,2000,76,3.0
2301,Špansko,10147,96860,1794,54,2.0
2302,Špansko,10147,128000,1803,71,2.0
2303,Špansko,10147,76050,1950,39,1.0
2304,Špansko,10147,115000,2007,57,2.0
2305,Špansko,10147,129000,1955,66,2.0
2307,Špansko,10147,58000,2071,28,2.0
2309,Špansko,10147,130000,1970,66,3.0
2310,Špansko,10147,172000,2059,83,3.0
2311,Špansko,10147,109000,1774,61,2.0
2313,Špansko,10147,124999,1894,66,3.0
2314,Špansko,10147,113022,1890,59,2.0
2315,Špansko,10147,112474,1890,59,2.0
2317,Špansko,10147,112247,1890,59,2.0
2318,Špansko,10147,112833,1890,59,2.0
2319,Špansko,10147,112247,1890,59,2.0
2322,Špansko,10147,112474,1890,59,2.0
2323,Špansko,10147,119656,1890,63,2.0
2324,Špansko,10147,95218,1890,50,2.0
2326,Špansko,10147,95445,1890,50,2.0
2328,Špansko,10147,180000,1935,93,4.0
2332,Špansko,10147,125000,1952,64,3.0
2333,Špansko,10147,152000,2000,76,3.0
2334,Špansko,10147,119000,1889,63,2.0
2335,Špansko,10147,244797,2100,116,4.0
2337,Špansko,10147,145000,2197,66,3.0
2338,Špansko,10147,124700,2188,57,3.0
